0 1500 1500
1 2258 2091
2 3415 2911
3 5133 4027
4 7156 3954
5 10063 2182
6 14209 862
7 19929 445
8 27917 214
9 39439 118
10 55391 70
11 77326 73
12 108004 60
13 148845 58
14 202692 76
15 272384 103
16 360413 118
17 467059 118
18 592412 141
19 729529 174
20 874110 227
21 1019680 284
22 1154145 350
23 1267538 420
24 1357157 503
25 1418148 643
26 1449473 731
27 1442298 847
28 1406321 894
29 1342980 944
30 1262263 926
31 1170091 975
32 1065233 991
33 958098 1060
34 853468 1029
35 754845 987
36 664170 909
37 584680 828
38 519122 790
39 465129 745
40 420704 645
41 388459 545
42 369779 480
43 361988 380
44 362889 280
45 372444 214
46 387245 176
47 407978 143
48 428899 122
49 447668 118
50 461522 70
51 470134 67
52 470378 65
53 465218 47
54 453902 46
55 437408 32
56 418003 23
57 398796 19
58 378289 16
59 361592 18
60 346191 20
61 334051 21
62 325229 27
63 321710 16
64 320708 19
65 322173 22
66 327476 18
67 334668 28
68 343711 30
69 353755 26
70 363814 18
71 372766 8
72 378992 5
73 384174 1
74 387274 1
75 387496 1
76 383533 1
77 378871 1
78 371484 1
79 363318 1
80 356883 1
81 348759 2
82 341433 2
83 336982 2
84 332633 2
85 331368 2
86 332450 1
87 334922 0
